Num1;Num2
5;3